16 32 64 128 256 512 1024 2048 4096 8192 16384 32768 65536 131072 262144 524288 1048576
5
40
39
38
40
55
52
55
60
66
51
70
71
73
102
101
166
114
115
113
115
222
217
216
229
223
743
519
508
501
498
1708
1423
1464
1269
1337
3906
3809
3859
4266
3825
14203
13136
14874
13748
13312
48676
58844
53741
52498
57672
201907
210422
194632
198467
203675
681755
708532
694091
717947
703239
2584569
2522019
2540878
2497727
2634232
8985019
9110800
9801957
9682755
9674601
34743589
33877955
34191913
32638123
31979733
119686191
121950513
123863458
124424872
120322653
442575509
448236600
453213614
452639124
453241291
