51
42
47
47
43
113
119
113
110
114
146
151
158
163
155
172
228
211
232
194
244
290
255
256
236
376
379
387
371
384
417
436
426
407
421
55
70
55
53
56
117
127
120
129
120
165
161
157
165
161
196
209
232
227
210
252
261
256
289
275
459
436
413
381
387
440
495
465
474
438
68
132
128
68
72
135
134
321
130
134
177
219
209
221
225
224
245
430
218
265
276
288
321
307
296
416
438
394
499
407
504
515
542
447
487
100
96
105
114
101
171
170
186
168
162
212
215
3212
209
228
264
295
255
247
274
331
330
316
313
313
464
453
454
465
466
498
553
518
528
545
175
163
161
164
167
1612
217
225
222
224
451
279
273
291
264
309
333
333
332
347
416
396
400
429
472
540
523
541
504
510
622
608
582
603
582
307
321
335
390
340
386
387
365
370
354
406
404
415
452
393
459
463
495
431
462
568
541
539
533
526
778
759
657
652
690
770
751
740
714
786
989
748
812
707
690
783
699
710
726
727
827
783
4844
768
744
1104
868
826
840
844
905
906
918
1097
928
1078
1063
1073
1062
998
1129
1153
1066
1114
1122
1798
1758
1900
1713
1750
1772
1786
1790
1760
1798
1714
1651
1716
1707
1852
1831
1845
1860
1839
1853
1953
1900
1814
1891
1967
2176
2099
2074
2106
1941
2166
2175
2207
2125
2119
5195
5188
5230
5239
6814
5708
5496
5937
5560
5435
5144
4763
5140
5039
4849
4922
6622
4997
4956
5092
5510
5027
5337
4856
5522
5354
5127
5398
5434
5431
5847
5261
5107
5643
5618
16721
16808
16702
21185
17137
18049
17836
18279
17755
17896
15613
16521
15555
14987
16240
15664
15444
15875
19989
15442
15521
15937
16003
15284
15940
15341
15692
17198
15726
15578
15647
15618
15668
15600
15990
64310
59095
58178
59148
62917
59260
59121
63908
60712
59863
52771
57499
54182
53627
58807
53631
53714
57499
53746
53132
52624
53752
53491
52968
52992
53125
53483
53223
52762
52793
56926
54180
54170
54222
53698
213211
213861
209399
210400
213855
201395
206269
205682
206298
206803
193034
194599
197963
194715
198207
190372
190371
196047
195230
195800
191982
195241
191733
194358
194417
194966
191477
194286
194271
193212
190244
193808
189877
189771
193561
770219
764028
768742
764665
764802
732429
733412
731154
730917
733223
706484
712931
712834
719240
708719
710066
701831
709180
707482
706679
704844
705079
705133
704197
705046
699253
708444
704726
699591
705352
706536
702165
702141
700398
700847
2845769
2844108
2842528
2845431
2848653
2713903
2722682
2718224
2718056
2716879
2652640
2658325
2646024
2660033
2639436
2606911
2615653
2616635
2609788
2620025
2617062
2602354
2614839
2604340
2600922
2596341
2594184
2619863
2604730
2616449
2656494
2635510
2641789
2610214
2611728
10585467
10607813
10626091
10647761
10646266
10180061
10134659
10134900
10163810
10156829
9918649
9936688
9911234
9961129
9969255
9834131
9808612
9801213
9762282
9793323
9748192
9781044
9818467
9768803
9798535
9783554
9751090
9753270
9770098
9815013
9766112
9729897
9715462
9726783
9730524
39855163
39924868
40308773
40296011
40088414
38263913
38432361
38393071
38346929
38237487
36140146
37313505
37433771
37415688
37527309
37131649
37191982
37106120
37253958
36988384
36912845
37119758
37060962
37034546
36838185
36970626
37008065
36886433
36865141
36918697
36957426
36996234
36802996
36783501
36770328
152209371
151637953
151006817
151501583
151037670
144606943
144603545
144987047
144854067
145441215
141677465
141746080
141185015
142137431
140703592
139403278
139699731
139175899
139518742
139235997
139062964
138990952
139107548
138959162
138843771
138726761
138674420
138875012
138635859
138694761
138583083
138818202
138908386
138957014
138622531
