16 32 64 128 256 512 1024 2048 4096 8192 16384 32768 65536 131072 262144 524288 1048576
1 2 3 5 7 11 13
5
60
53
52
57
57
276
179
286
182
185
235
286
267
203
296
389
461
264
719
448
608
499
356
730
593
641
687
582
675
499
696
931
704
619
594
65
68
61
61
59
171
183
185
174
264
516
333
315
216
260
314
466
323
282
260
468
494
391
631
353
515
715
681
814
642
856
2466
780
743
1065
84
84
72
84
119
188
189
187
236
232
242
307
228
531
351
495
322
257
510
557
610
486
535
407
401
870
889
1230
618
728
633
999
807
945
962
103
116
97
111
114
249
216
259
197
256
503
293
539
277
287
803
312
372
472
382
472
591
541
566
403
618
675
599
695
631
630
774
958
755
914
157
150
153
148
267
255
389
317
289
318
375
329
392
434
414
436
645
364
1344
440
447
685
598
631
972
906
791
839
607
733
865
948
613
686
874
243
236
249
237
245
352
390
645
398
366
406
435
727
598
507
530
581
567
553
623
742
607
717
814
758
1033
881
899
3008
736
878
774
1449
719
1009
458
424
471
423
428
582
545
564
604
942
611
754
587
837
723
947
916
901
630
696
911
872
700
858
1214
1139
1085
1140
878
765
1169
1004
1057
1068
1155
765
1069
678
806
739
817
1047
837
874
900
1040
817
937
997
1121
1025
1050
1299
1136
1093
1045
1034
1067
1022
1099
1174
1563
1137
1439
1501
1375
1637
1655
1407
1195
1257
1327
1276
1306
1288
1508
1734
1713
1456
1608
1489
1644
1499
1491
1589
1588
2042
1794
1812
1527
1803
1982
1827
1673
2886
1877
2040
2312
1976
2058
1801
1810
1799
1752
1819
2848
2295
2348
2362
2463
2903
2754
2858
2716
2765
2411
2429
2413
2391
2460
2464
2689
2477
2537
2507
2567
2517
2535
2679
4144
2744
2906
2719
2728
2727
3269
2841
2772
3009
2839
4938
4577
4354
4513
4307
4991
5026
5165
5038
5379
4332
4344
4490
4329
4333
4641
4398
4403
4419
4419
4529
4493
4497
4582
4520
4757
4683
4760
9227
4726
4775
4793
4847
4844
4983
8438
8563
8661
8360
14289
9542
9285
9328
9295
9466
8431
9665
8166
8325
8001
8157
8240
8089
8402
8113
8378
8696
8261
8952
8178
8361
8374
8979
8333
8573
8435
8417
8449
8399
8880
20321
15988
16245
15325
15693
17921
17605
17467
17591
17632
17553
15099
14874
14955
14827
15655
15604
15214
15694
15557
19849
15319
15211
15316
15247
15877
15561
15775
15681
15340
17799
15931
15531
16492
15499
30152
29587
30210
29907
29832
31570
34278
31509
31023
31828
27981
29516
33009
28885
28755
29367
28641
28562
32553
34068
28779
28414
28382
29095
32874
34853
29441
28696
29100
28979
28839
28569
29511
36038
29175
57386
56405
60315
57320
56315
57555
56916
62730
57138
56993
58134
54403
54095
58000
54886
55052
54883
55254
59223
55164
54370
54180
58781
55742
54171
54806
55289
64882
54924
54816
59088
54771
58024
60353
54547
109237
109575
115175
110057
110387
110701
105773
112524
105272
109393
105954
107435
103262
114434
106643
103651
108615
104633
106942
104280
108574
104081
103578
107667
103949
108884
103022
107327
105014
106493
110574
112808
108350
104984
111187
213042
223078
214148
214737
215821
205030
211730
209178
203526
206245
202397
199114
202135
204037
198741
205957
206204
202098
202829
199129
205336
203816
200999
204649
203740
205172
210027
203972
204565
205196
206742
203936
200396
202298
207763
