16 32 64 128 256 512 1024 2048 4096 8192 16384 32768 65536 131072 262144 524288 1048576
1 2 4 8 16
1 2 8 16 32 64 128
105
90
77
71
77
71
110
84
79
69
102
83
96
115
69
72
72
97
71
66
71
87
88
114
72
81
75
69
69
93
74
73
92
66
69
67
67
75
75
64
70
78
72
65
67
75
75
66
74
69
92
68
68
87
70
67
69
69
68
70
72
94
64
70
88
66
80
69
70
71
81
66
107
76
150
69
68
83
70
71
97
95
73
65
67
88
104
178
81
112
65
66
79
160
113
73
156
70
83
71
67
110
69
64
70
72
75
67
92
101
65
99
82
67
95
70
76
67
71
68
67
65
138
78
87
98
71
69
69
175
94
124
71
71
89
69
70
88
64
69
68
88
70
77
67
115
67
69
64
109
104
73
75
73
67
67
83
84
102
84
78
126
70
74
68
67
67
69
67
65
83
146
78
72
75
73
66
100
68
111
68
89
66
67
102
92
77
66
73
74
81
99
71
70
107
142
68
70
71
89
69
70
65
115
70
68
82
82
105
107
84
98
78
70
103
100
85
67
69
95
70
68
72
70
92
74
95
73
85
74
81
67
79
70
75
86
71
65
72
69
70
66
70
98
71
99
81
70
97
82
65
98
85
78
72
84
101
69
74
120
66
90
86
168
108
108
67
67
65
67
69
113
81
133
72
75
98
68
102
71
73
84
66
81
74
80
69
77
66
69
87
71
70
108
86
80
70
67
65
66
74
69
99
85
71
71
85
103
68
75
94
76
82
104
99
100
81
90
66
76
79
70
101
141
87
76
80
67
87
133
69
73
73
104
86
72
88
82
72
70
70
79
85
124
84
78
112
75
70
72
72
70
139
88
65
69
66
68
67
66
71
67
66
66
66
65
80
68
72
67
65
68
85
63
64
71
66
66
80
67
64
115
63
64
96
66
65
65
106
81
76
76
104
87
75
77
64
67
66
81
72
68
70
64
82
95
73
75
70
71
62
62
112
84
71
65
81
64
88
63
133
81
66
69
66
73
70
71
88
76
72
68
107
69
72
119
76
69
86
109
93
103
79
65
67
79
157
78
71
67
82
65
126
83
102
99
117
76
87
82
67
71
65
78
82
70
71
67
85
69
100
91
67
79
65
69
79
63
77
123
70
90
65
68
69
66
95
69
72
66
70
71
69
79
100
69
88
73
75
79
86
69
110
101
70
79
69
66
75
70
85
118
71
76
69
71
98
72
73
94
120
77
69
68
92
74
72
81
85
72
72
90
72
84
75
71
69
104
77
68
122
84
70
85
72
69
76
122
93
70
84
73
68
73
107
103
71
69
78
75
73
72
73
83
85
96
73
67
85
79
85
76
88
116
86
96
78
77
108
70
96
71
85
75
73
78
86
91
78
72
69
69
67
78
74
